10
20
40
50
70
80
100
110
130
140
160
170
190
200
220
230
250
260
280
290
310
320
340
350
370
380
400
410
430
440
460
470
490
500
520
530
550
560
580
590
610
620
640
650
670
680
700
710
730
740
760
770
790
800
820
830
850
860
880
890
910
920
940
950
970
980
1000
1010
1030
1040
1060
1070
1090
1100
1120
1130
1150
1160
1180
1190
1210
1220
1240
1250
1270
1280
1300
1310
1330
1340
1360
1370
1390
1400
1420
1430
1450
1460
1480
1490
1510
1520
1540
1550
1570
1580
1600
1610
1630
1640
1660
1670
1690
1700
1720
1730
1750
1760
1780
1790
1810
1820
1840
1850
1870
1880
1900
1910
1930
1940
1960
1970
1990
2000
2020
2030
2050
2060
2080
2090
2110
2120
2140
2150
2170
2180
2200
2210
2230
2240
2260
2270
2290
2300
2320
2330
2350
2360
2380
2390
2410
2420
2440
2450
2470
2480
2500
2510
2530
2540
2560
2570
2590
2600
2620
2630
2650
2660
2680
2690
2710
2720
2740
2750
2770
2780
2800
2810
2830
2840
2860
2870
2890
2900
2920
2930
2950
2960
2980
2990
3010
3020
3040
3050
3070
3080
3100
3110
3130
3140
3160
3170
3190
3200
3220
3230
3250
3260
3280
3290
3310
3320
3340
3350
3370
3380
3400
3410
3430
3440
3460
3470
3490
3500
3520
3530
3550
3560
3580
3590
3610
3620
3640
3650
3670
3680
3700
3710
3730
3740
3760
3770
3790
3800
3820
3830
3850
3860
3880
3890
3910
3920
3940
3950
3970
3980
4000
4010
4030
4040
4060
4070
4090
4100
4120
4130
4150
4160
4180
4190
4210
4220
4240
4250
4270
4280
4300
4310
4330
4340
4360
4370
4390
4400
4420
4430
4450
4460
4480
4490
4510
4520
4540
4550
4570
4580
4600
4610
4630
4640
4660
4670
4690
4700
4720
4730
4750
4760
4780
4790
4810
4820
4840
4850
4870
4880
4900
4910
4930
4940
4960
4970
4990
5000
5020
5030
5050
5060
5080
5090
5110
5120
5140
5150
5170
5180
5200
5210
5230
5240
5260
5270
5290
5300
5320
5330
5350
5360
5380
5390
5410
5420
5440
5450
5470
5480
5500
5510
5530
5540
5560
5570
5590
5600
5620
5630
5650
5660
5680
5690
5710
5720
5740
5750
5770
5780
5800
5810
5830
5840
5860
5870
5890
5900
5920
5930
5950
5960
5980
5990
6010
6020
6040
6050
6070
6080
6100
6110
6130
6140
6160
6170
6190
6200
6220
6230
6250
6260
6280
6290
6310
6320
6340
6350
6370
6380
6400
6410
6430
6440
6460
6470
6490
6500
6520
6530
6550
6560
6580
6590
6610
6620
6640
6650
6670
6680
6700
6710
6730
6740
6760
6770
6790
6800
6820
6830
6850
6860
6880
6890
6910
6920
6940
6950
6970
6980
7000
7010
7030
7040
7060
7070
7090
7100
7120
7130
7150
7160
7180
7190
7210
7220
7240
7250
7270
7280
7300
7310
7330
7340
7360
7370
7390
7400
7420
7430
7450
7460
7480
7490
7510
7520
7540
7550
7570
7580
7600
7610
7630
7640
7660
7670
7690
7700
7720
7730
7750
7760
7780
7790
7810
7820
7840
7850
7870
7880
7900
7910
7930
7940
7960
7970
7990
8000
8020
8030
8050
8060
8080
8090
8110
8120
8140
8150
8170
8180
8200
8210
8230
8240
8260
8270
8290
8300
8320
8330
8350
8360
8380
8390
8410
8420
8440
8450
8470
8480
8500
8510
8530
8540
8560
8570
8590
8600
8620
8630
8650
8660
8680
8690
8710
8720
8740
8750
8770
8780
8800
8810
8830
8840
8860
8870
8890
8900
8920
8930
8950
8960
8980
8990
9010
9020
9040
9050
9070
9080
9100
9110
9130
9140
9160
9170
9190
9200
9220
9230
9250
9260
9280
9290
9310
9320
9340
9350
9370
9380
9400
9410
9430
9440
9460
9470
9490
9500
9520
9530
9550
9560
9580
9590
9610
9620
9640
9650
9670
9680
9700
9710
9730
9740
9760
9770
9790
9800
9820
9830
9850
9860
9880
9890
9910
9920
9940
9950
9970
9980
10000
